-0.06091672
0.2851221
-0.1053763
0.07774264
0.1961345
0.1823576
-0.2762552
-0.1691107
0.1533941
-0.3919194
0.464238
-0.4287877
0.2228176
0.007409692
-0.1304446
-0.002318636
-0.3334113
0.3900316
-0.4517831
0.3291769
0.4514228
-0.4703759
0.1597338
0.0489483
-0.4103832
0.2586255
0.2931188
-0.4758331
0.2614722
0.1279826
-0.4603294
0.1765846
0.4830908
0.2588578
0.002875984
-0.3675455
0.05011022
-0.2352969
-0.3310413
0.4094875
-0.3210024
0.2072396
0.3545259
-0.03301806
-0.3199657
0.1674851
-0.07119242
